"","V1","V2","V3","V4","V5","V6","V7"
"1",0.126785714285714,0.101785714285714,0.139285714285714,0.276785714285714,0.151785714285714,0.114285714285714,0.0892857142857143
"2",0.115207373271889,0.131336405529954,0.131336405529954,0.131336405529954,0.115207373271889,0.211981566820276,0.163594470046083
"3",0.117096018735363,0.149882903981265,0.149882903981265,0.117096018735363,0.182669789227166,0.166276346604215,0.117096018735363
"4",0.16221198156682,0.0783410138248848,0.0847926267281106,0.342857142857143,0.155760368663594,0.0783410138248848,0.0976958525345622
"5",0.201242236024845,0.114285714285714,0.0795031055900621,0.279503105590062,0.183850931677019,0.062111801242236,0.0795031055900621
"6",0.052827380952381,0.0632440476190476,0.167410714285714,0.219494047619048,0.104910714285714,0.0580357142857143,0.334077380952381
"7",0.217460317460317,0.100793650793651,0.0785714285714286,0.334126984126984,0.0507936507936508,0.0619047619047619,0.156349206349206
"8",0.135634028892456,0.101926163723917,0.0906902086677367,0.304173354735153,0.152487961476726,0.0569823434991974,0.158105939004815
"9",0.105121293800539,0.123989218328841,0.0862533692722372,0.0956873315363881,0.123989218328841,0.133423180592992,0.331536388140162
"10",0.0844155844155844,0.0616883116883117,0.0844155844155844,0.251082251082251,0.273809523809524,0.091991341991342,0.152597402597403
"11",0.0882070949185043,0.101629913710451,0.128475551294343,0.229146692233941,0.0882070949185043,0.0882070949185043,0.276126558005753
"12",0.0978473581213307,0.111545988258317,0.221135029354207,0.125244618395303,0.13894324853229,0.111545988258317,0.193737769080235
"13",0.121664050235479,0.0557299843014129,0.127158555729984,0.187598116169545,0.220565149136578,0.0722135007849294,0.215070643642072
"14",0.0901477832512315,0.0694581280788177,0.117733990147783,0.186699507389163,0.0798029556650246,0.0591133004926108,0.397044334975369
"15",0.0601837187203041,0.0646183085207475,0.250871080139373,0.0890085524231866,0.0712701932214127,0.0291415901171999,0.434906556857776
"16",0.156941649899396,0.156941649899396,0.227364185110664,0.128772635814889,0.114688128772636,0.100603621730382,0.114688128772636
"17",0.114285714285714,0.139285714285714,0.201785714285714,0.164285714285714,0.0892857142857143,0.0892857142857143,0.201785714285714
"18",0.180803571428571,0.0870535714285714,0.141741071428571,0.180803571428571,0.0870535714285714,0.0792410714285714,0.243303571428571
"19",0.222634508348794,0.11873840445269,0.157699443413729,0.157699443413729,0.105751391465677,0.11873840445269,0.11873840445269
"20",0.11003861003861,0.0965250965250965,0.150579150579151,0.0965250965250965,0.11003861003861,0.231660231660232,0.204633204633205
"21",0.144557823129252,0.108843537414966,0.180272108843537,0.108843537414966,0.13265306122449,0.0850340136054422,0.239795918367347
"22",0.0558035714285714,0.0714285714285714,0.157366071428571,0.133928571428571,0.0792410714285714,0.0870535714285714,0.415178571428571
"23",0.136460554371002,0.15138592750533,0.136460554371002,0.181236673773987,0.136460554371002,0.136460554371002,0.121535181236674
"24",0.142857142857143,0.114688128772636,0.21327967806841,0.17102615694165,0.142857142857143,0.100603621730382,0.114688128772636
"25",0.203588681849551,0.0973084886128364,0.237405106970324,0.082815734989648,0.111801242236025,0.0586611456176674,0.208419599723948
"26",0.109395109395109,0.109395109395109,0.217503217503217,0.154440154440154,0.0823680823680824,0.0913770913770914,0.235521235521236
"27",0.160826594788859,0.0507637017070979,0.261455525606469,0.179694519317161,0.0539083557951482,0.0601976639712489,0.233153638814016
"28",0.133489461358314,0.117096018735363,0.133489461358314,0.133489461358314,0.133489461358314,0.133489461358314,0.215456674473068
"29",0.228269085411943,0.0959939531368103,0.302343159486017,0.133030990173847,0.0695389266817838,0.0801209372637944,0.090702947845805
"30",0.110454708199069,0.0402792696025779,0.0904045828857859,0.0753669889008235,0.0365198711063373,0.0177228786251343,0.629251700680272
"31",0.174948240165631,0.0952380952380952,0.27639751552795,0.196687370600414,0.0807453416149068,0.087991718426501,0.087991718426501
"32",0.0935960591133005,0.105090311986864,0.0935960591133005,0.151067323481117,0.16256157635468,0.266009852216749,0.12807881773399
"33",0.127463054187192,0.0843596059113301,0.293411330049261,0.196428571428571,0.0541871921182266,0.0326354679802956,0.211514778325123
"34",0.163059163059163,0.0923520923520924,0.183261183261183,0.122655122655123,0.0923520923520924,0.0923520923520924,0.253968253968254
"35",0.07425691658953,0.0778566286125681,0.038979738763756,0.108814152010696,0.432068291679523,0.0137817546024889,0.254242517741438
"36",0.131336405529954,0.115207373271889,0.115207373271889,0.115207373271889,0.115207373271889,0.292626728110599,0.115207373271889
"37",0.0693720866465588,0.111598574170551,0.0789690156292844,0.251713737318344,0.0444200712914724,0.017548670139841,0.426377844803948
"38",0.0677151594582787,0.0401922236784622,0.294014853647881,0.128877238968982,0.037134119702927,0.0585408475316732,0.373525557011796
"39",0.131868131868132,0.116483516483516,0.108791208791209,0.116483516483516,0.147252747252747,0.054945054945055,0.324175824175824
"40",0.0854591836734694,0.107780612244898,0.246173469387755,0.170280612244898,0.0542091836734694,0.0809948979591837,0.255102040816327
"41",0.0757880617035547,0.0992622401073105,0.0945674044265594,0.160295103957076,0.155600268276325,0.0429242119382964,0.371562709590879
"42",0.103785103785104,0.103785103785104,0.266178266178266,0.189255189255189,0.0952380952380952,0.0952380952380952,0.146520146520147
"43",0.123152709359606,0.123152709359606,0.17487684729064,0.140394088669951,0.123152709359606,0.123152709359606,0.192118226600985
"44",0.120181405895692,0.1281179138322,0.239229024943311,0.175736961451247,0.072562358276644,0.0963718820861678,0.167800453514739
"45",0.0771337288909174,0.0611592879963487,0.112277498858969,0.102692834322227,0.157005933363761,0.0899132816065723,0.399817434961205
"46",0.114874815905744,0.0736377025036819,0.114874815905744,0.197349042709867,0.197349042709867,0.0839469808541973,0.217967599410898
"47",0.0619488536155203,0.0557760141093474,0.149911816578483,0.129850088183422,0.0418871252204586,0.0619488536155203,0.498677248677249
"48",0.0729391454466983,0.0668968493741908,0.115235217954251,0.10617177384549,0.0789814415192059,0.0397065170479068,0.520069054812257
"49",0.110248447204969,0.0993788819875776,0.153726708074534,0.131987577639752,0.218944099378882,0.110248447204969,0.175465838509317
"50",0.101731601731602,0.0663780663780664,0.0815295815295815,0.344155844155844,0.253246753246753,0.0916305916305916,0.0613275613275613
"51",0.266350018268177,0.0489587139203507,0.0489587139203507,0.26123492875411,0.210084033613445,0.0361709901351845,0.128242601388381
"52",0.257142857142857,0.0758928571428571,0.0758928571428571,0.169642857142857,0.169642857142857,0.0758928571428571,0.175892857142857
"53",0.119897959183673,0.0722789115646258,0.304421768707483,0.143707482993197,0.0603741496598639,0.0841836734693878,0.215136054421769
"54",0.126050420168067,0.0819327731092437,0.133403361344538,0.15546218487395,0.15546218487395,0.0819327731092437,0.265756302521008
"55",0.0709237758707723,0.0532559313478041,0.281171125694094,0.0779909136799596,0.0762241292276628,0.0532559313478041,0.387178192831903
"56",0.261022927689594,0.100529100529101,0.211640211640212,0.125220458553792,0.100529100529101,0.0881834215167549,0.112874779541446
"57",0.0914927768860353,0.125200642054575,0.102728731942215,0.0802568218298555,0.158908507223114,0.282504012841092,0.158908507223114
"58",0.076320939334638,0.0626223091976517,0.199608610567515,0.110567514677104,0.103718199608611,0.103718199608611,0.343444227005871
"59",0.121535181236674,0.106609808102345,0.121535181236674,0.15138592750533,0.121535181236674,0.121535181236674,0.255863539445629
"60",0.0738675958188153,0.0641114982578397,0.249477351916376,0.156794425087108,0.0836236933797909,0.0689895470383275,0.303135888501742
"61",0.134770889487871,0.134770889487871,0.134770889487871,0.134770889487871,0.153638814016172,0.172506738544474,0.134770889487871
"62",0.136904761904762,0.126488095238095,0.188988095238095,0.168154761904762,0.116071428571429,0.147321428571429,0.116071428571429
"63",0.108571428571429,0.121904761904762,0.228571428571429,0.161904761904762,0.108571428571429,0.0952380952380952,0.175238095238095
"64",0.0843033509700176,0.0522045855379189,0.197883597883598,0.136155202821869,0.0818342151675485,0.0373897707231041,0.410229276895944
"65",0.134770889487871,0.134770889487871,0.134770889487871,0.134770889487871,0.153638814016172,0.172506738544474,0.134770889487871
"66",0.109381082133126,0.0848579213701829,0.210198520825224,0.142078629817049,0.0412611911249513,0.0385363954846244,0.373686259244842
"67",0.0617035546613011,0.05700871898055,0.183769282360832,0.103957075788062,0.0523138832997988,0.0804828973843058,0.460764587525151
"68",0.10989010989011,0.125274725274725,0.125274725274725,0.10989010989011,0.125274725274725,0.294505494505495,0.10989010989011
"69",0.152380952380952,0.119047619047619,0.119047619047619,0.135714285714286,0.135714285714286,0.152380952380952,0.185714285714286
"70",0.121510673234811,0.0812807881773399,0.236453201970443,0.184729064039409,0.110016420361248,0.110016420361248,0.155993431855501
"71",0.338785896037804,0.125045438022537,0.125045438022537,0.122500908760451,0.0537986186841149,0.0258087968011632,0.209014903671392
"72",0.0952380952380952,0.0848214285714286,0.126488095238095,0.251488095238095,0.188988095238095,0.0848214285714286,0.168154761904762
"73",0.0850340136054422,0.0969387755102041,0.0850340136054422,0.370748299319728,0.13265306122449,0.0969387755102041,0.13265306122449
"74",0.177170868347339,0.0448179271708683,0.201680672268908,0.142857142857143,0.255602240896359,0.0399159663865546,0.137955182072829
"75",0.119188503803888,0.101437024513948,0.243448858833474,0.113271344040575,0.0718512256973795,0.0481825866441251,0.30262045646661
"76",0.123552123552124,0.0965250965250965,0.191119691119691,0.164092664092664,0.123552123552124,0.11003861003861,0.191119691119691
"77",0.060634503472874,0.0277829923033602,0.106626619110193,0.060634503472874,0.0238408109630186,0.0921719541956073,0.628308616482072
"78",0.106609808102345,0.121535181236674,0.106609808102345,0.121535181236674,0.136460554371002,0.285714285714286,0.121535181236674
"79",0.111545988258317,0.13894324853229,0.152641878669276,0.111545988258317,0.13894324853229,0.234833659491194,0.111545988258317
"80",0.0911152339723768,0.0535971964543393,0.0723562152133581,0.0608122036693465,0.0593692022263451,0.0737992166563595,0.588950731807875
"81",0.158803986710963,0.093687707641196,0.256478405315615,0.079734219269103,0.093687707641196,0.0843853820598007,0.233222591362126
"82",0.111946532999165,0.0651629072681704,0.0651629072681704,0.275689223057644,0.293233082706767,0.0710108604845447,0.117794486215539
"83",0.0978473581213307,0.0978473581213307,0.0978473581213307,0.166340508806262,0.289628180039139,0.152641878669276,0.0978473581213307
"84",0.187598116169545,0.160125588697017,0.154631083202512,0.138147566718995,0.19309262166405,0.0722135007849294,0.0941915227629513
"85",0.165859564164649,0.110774818401937,0.136198547215496,0.0938256658595642,0.0895883777239709,0.0641646489104116,0.339588377723971
"86",0.17102615694165,0.128772635814889,0.142857142857143,0.142857142857143,0.156941649899396,0.100603621730382,0.156941649899396
"87",0.107007061379685,0.0537751222161869,0.441607821835959,0.118413905486149,0.0803910917979359,0.0917979359043998,0.107007061379685
"88",0.157782515991471,0.105543710021322,0.0980810234541578,0.187633262260128,0.254797441364606,0.127931769722815,0.0682302771855011
"89",0.114285714285714,0.105590062111801,0.0708074534161491,0.305590062111801,0.140372670807453,0.149068322981366,0.114285714285714
"90",0.131115459882583,0.0626223091976517,0.137964774951076,0.309197651663405,0.0694716242661448,0.103718199608611,0.185909980430528
"91",0.153726708074534,0.0885093167701863,0.110248447204969,0.251552795031056,0.0885093167701863,0.153726708074534,0.153726708074534
"92",0.144814090019569,0.0968688845401174,0.103718199608611,0.137964774951076,0.336594911937378,0.0900195694716243,0.0900195694716243
"93",0.13680387409201,0.085956416464891,0.13680387409201,0.246973365617433,0.13680387409201,0.128329297820823,0.128329297820823
"94",0.287764866712235,0.0868079289131921,0.168147641831852,0.168147641831852,0.0724538619275461,0.0341763499658237,0.182501708817498
"95",0.126373626373626,0.135989010989011,0.107142857142857,0.251373626373626,0.15521978021978,0.0686813186813187,0.15521978021978
"96",0.128772635814889,0.142857142857143,0.114688128772636,0.100603621730382,0.142857142857143,0.185110663983903,0.185110663983903
"97",0.115207373271889,0.115207373271889,0.131336405529954,0.115207373271889,0.131336405529954,0.228110599078341,0.163594470046083
"98",0.105654761904762,0.0848214285714286,0.0952380952380952,0.126488095238095,0.324404761904762,0.168154761904762,0.0952380952380952
"99",0.166435506241331,0.117891816920943,0.127600554785021,0.166435506241331,0.195561719833564,0.0984743411927878,0.127600554785021
"100",0.109243697478992,0.109243697478992,0.119047619047619,0.119047619047619,0.226890756302521,0.148459383753501,0.168067226890756
"101",0.174603174603175,0.112874779541446,0.137566137566138,0.149911816578483,0.199294532627866,0.100529100529101,0.125220458553792
"102",0.0972644376899696,0.0972644376899696,0.139817629179331,0.139817629179331,0.235562310030395,0.139817629179331,0.150455927051672
"103",0.157200229489386,0.0688468158347676,0.265633964429145,0.133103843947217,0.137119908204246,0.0527825588066552,0.185312679288583
"104",0.117216117216117,0.181318681318681,0.181318681318681,0.104395604395604,0.181318681318681,0.13003663003663,0.104395604395604
"105",0.177234530175707,0.118411000763942,0.225362872421696,0.139801375095493,0.12375859434683,0.134453781512605,0.080977845683728
"106",0.179176755447942,0.11138014527845,0.0944309927360775,0.221549636803874,0.119854721549637,0.162227602905569,0.11138014527845
"107",0.0886198547215496,0.0682808716707022,0.319128329297821,0.102179176755448,0.122518159806295,0.136077481840194,0.16319612590799
"108",0.154285714285714,0.0676190476190476,0.194285714285714,0.167619047619048,0.147619047619048,0.147619047619048,0.120952380952381
"109",0.215496368038741,0.170298627925747,0.142050040355125,0.125100887812752,0.170298627925747,0.0968523002421307,0.0799031476997579
"110",0.1281179138322,0.072562358276644,0.231292517006803,0.183673469387755,0.104308390022676,0.104308390022676,0.175736961451247
"111",0.126623376623377,0.149350649350649,0.217532467532468,0.183441558441558,0.0811688311688312,0.11525974025974,0.126623376623377
"112",0.117096018735363,0.117096018735363,0.149882903981265,0.117096018735363,0.133489461358314,0.231850117096019,0.133489461358314
"113",0.182121971595656,0.123642439431913,0.14703425229741,0.158730158730159,0.14703425229741,0.100250626566416,0.141186299081036
"114",0.0973502304147465,0.0973502304147465,0.230414746543779,0.121543778801843,0.169930875576037,0.105414746543779,0.177995391705069
"115",0.152106885919836,0.252826310380267,0.159301130524152,0.144912641315519,0.137718396711202,0.0801644398766701,0.0729701952723535
"116",0.0952380952380952,0.108571428571429,0.188571428571429,0.161904761904762,0.121904761904762,0.188571428571429,0.135238095238095
"117",0.132275132275132,0.132275132275132,0.132275132275132,0.132275132275132,0.132275132275132,0.206349206349206,0.132275132275132
"118",0.156043956043956,0.140659340659341,0.125274725274725,0.202197802197802,0.125274725274725,0.10989010989011,0.140659340659341
"119",0.137781000725163,0.127628716461204,0.234227701232777,0.056562726613488,0.178390137781001,0.0717911530094271,0.19361856417694
"120",0.0954637779282329,0.166553825321598,0.299255247122546,0.171293161814489,0.133378469871361,0.0622884224779959,0.0717670954637779
"121",0.127232142857143,0.111607142857143,0.111607142857143,0.142857142857143,0.205357142857143,0.189732142857143,0.111607142857143
"122",0.100354191263282,0.133412042502952,0.298701298701299,0.182998819362456,0.0838252656434475,0.100354191263282,0.100354191263282
"123",0.075801749271137,0.109815354713314,0.191448007774538,0.137026239067055,0.143828960155491,0.0826044703595724,0.259475218658892
"124",0.110528615115771,0.0524246395806029,0.183923110528615,0.119702927042377,0.324595893403233,0.0554827435561381,0.153342070773263
"125",0.115079365079365,0.0595238095238095,0.198412698412698,0.149801587301587,0.312996031746032,0.0560515873015873,0.108134920634921
"126",0.117336462305661,0.0454678791434438,0.18715165737753,0.160457612202992,0.396597242593136,0.0413611029627457,0.0516280434144911
"127",0.185550082101806,0.116584564860427,0.139573070607553,0.0821018062397373,0.254515599343186,0.139573070607553,0.0821018062397373
"128",0.10989010989011,0.10989010989011,0.140659340659341,0.125274725274725,0.10989010989011,0.294505494505495,0.10989010989011
"129",0.132275132275132,0.150793650793651,0.132275132275132,0.132275132275132,0.132275132275132,0.187830687830688,0.132275132275132
"130",0.264935064935065,0.137662337662338,0.174025974025974,0.11038961038961,0.128571428571429,0.0831168831168831,0.101298701298701
"131",0.259663865546219,0.0831932773109244,0.189075630252101,0.118487394957983,0.20672268907563,0.0714285714285714,0.0714285714285714
"132",0.240107310529846,0.113346747149564,0.202548625083836,0.146210596914822,0.146210596914822,0.0804828973843058,0.0710932260228035
"133",0.104147465437788,0.104147465437788,0.265437788018433,0.181566820276498,0.104147465437788,0.110599078341014,0.129953917050691
"134",0.116883116883117,0.149940968122786,0.133412042502952,0.166469893742621,0.240850059031877,0.0755608028335301,0.116883116883117
"135",0.125071715433161,0.0849110728628801,0.209409064830752,0.137119908204246,0.249569707401033,0.0688468158347676,0.125071715433161
"136",0.113378684807256,0.113378684807256,0.160997732426304,0.129251700680272,0.113378684807256,0.240362811791383,0.129251700680272
"137",0.100203114421124,0.109681787406906,0.213947190250508,0.100203114421124,0.261340555179418,0.0954637779282329,0.119160460392688
"138",0.216602316602317,0.0436293436293436,0.13011583011583,0.122007722007722,0.376061776061776,0.0274131274131274,0.0841698841698842
"139",0.173252279635258,0.0615501519756839,0.114741641337386,0.149316109422492,0.364741641337386,0.0482522796352584,0.088145896656535
"140",0.102728731942215,0.158908507223114,0.136436597110754,0.192616372391653,0.170144462279294,0.0802568218298555,0.158908507223114
"141",0.106609808102345,0.15138592750533,0.121535181236674,0.136460554371002,0.106609808102345,0.226012793176972,0.15138592750533
"142",0.114982578397213,0.0905923344947735,0.123112659698026,0.18815331010453,0.123112659698026,0.131242740998839,0.228803716608595
"143",0.0677248677248677,0.11957671957672,0.149206349206349,0.186243386243386,0.141798941798942,0.0899470899470899,0.245502645502646
"144",0.141196013289037,0.152823920265781,0.0946843853820598,0.187707641196013,0.210963455149502,0.0830564784053156,0.129568106312292
"145",0.106337271750806,0.0912996777658432,0.151450053705693,0.0988184747583244,0.226638023630505,0.106337271750806,0.219119226638024
"146",0.12046908315565,0.105543710021322,0.165245202558635,0.21002132196162,0.195095948827292,0.0980810234541578,0.105543710021322
"147",0.181632653061225,0.072108843537415,0.119727891156463,0.224489795918367,0.262585034013605,0.0530612244897959,0.0863945578231293
"148",0.169642857142857,0.113392857142857,0.113392857142857,0.175892857142857,0.244642857142857,0.0571428571428571,0.125892857142857
"149",0.145124716553288,0.113378684807256,0.129251700680272,0.129251700680272,0.129251700680272,0.240362811791383,0.113378684807256
"150",0.12375859434683,0.0863254392666157,0.225362872421696,0.080977845683728,0.241405653170359,0.0542398777692895,0.187929717341482
"151",0.115353037766831,0.118226600985222,0.161330049261084,0.164203612479475,0.126847290640394,0.0463875205254516,0.267651888341544
"152",0.112698412698413,0.19047619047619,0.19047619047619,0.112698412698413,0.19047619047619,0.112698412698413,0.0904761904761905
"153",0.0535714285714286,0.116071428571429,0.135302197802198,0.101648351648352,0.226648351648352,0.0583791208791209,0.308379120879121
"154",0.0561374109761207,0.0825303728529535,0.155844155844156,0.114788437369083,0.108923334729786,0.0913280268118978,0.390448261416003
"155",0.121693121693122,0.158730158730159,0.242063492063492,0.112433862433862,0.0661375661375661,0.0939153439153439,0.205026455026455
"156",0.117729176361098,0.0949278734295021,0.169846440204746,0.104699860400186,0.293624941833411,0.078641228478362,0.140530479292694
"157",0.137065637065637,0.123552123552124,0.0965250965250965,0.164092664092664,0.137065637065637,0.218146718146718,0.123552123552124
"158",0.245219347581552,0.158605174353206,0.12710911136108,0.150731158605174,0.119235095613048,0.0956130483689539,0.103487064116985
"159",0.0775694893341952,0.0820943762120233,0.285714285714286,0.131868131868132,0.100193923723335,0.063994828700711,0.258564964447317
"160",0.13469387755102,0.14421768707483,0.14421768707483,0.125170068027211,0.125170068027211,0.0870748299319728,0.239455782312925
"161",0.19047619047619,0.182900432900433,0.251082251082251,0.0768398268398268,0.152597402597403,0.0692640692640693,0.0768398268398268
"162",0.107619047619048,0.120952380952381,0.154285714285714,0.167619047619048,0.167619047619048,0.0942857142857143,0.187619047619048
"163",0.0671712393566698,0.146641438032167,0.0737937559129612,0.146641438032167,0.265846736045412,0.0936613055818354,0.206244087038789
"164",0.178151260504202,0.119327731092437,0.154621848739496,0.142857142857143,0.21344537815126,0.0957983193277311,0.0957983193277311
"165",0.15370705244123,0.141048824593128,0.229656419529837,0.115732368896926,0.115732368896926,0.115732368896926,0.128390596745027
"166",0.134488942020323,0.197250448296473,0.155409444112373,0.147041243275553,0.151225343693963,0.0884638374178123,0.126120741183503
"167",0.145124716553288,0.113378684807256,0.113378684807256,0.113378684807256,0.160997732426304,0.224489795918367,0.129251700680272
"168",0.153263954588458,0.100283822138127,0.173131504257332,0.120151371807001,0.159886471144749,0.0804162724692526,0.21286660359508
"169",0.108163265306122,0.136734693877551,0.129591836734694,0.0795918367346939,0.31530612244898,0.086734693877551,0.143877551020408
"170",0.210758377425044,0.111992945326279,0.13668430335097,0.2663139329806,0.099647266313933,0.0687830687830688,0.105820105820106
"171",0.16924842226047,0.173264486517499,0.121055651176133,0.121055651176133,0.205393000573723,0.0608146873207114,0.14916810097533
"172",0.104718810601164,0.104718810601164,0.177117000646412,0.149967679379444,0.13639301874596,0.140917905623788,0.186166774402069
"173",0.129251700680272,0.129251700680272,0.113378684807256,0.113378684807256,0.129251700680272,0.240362811791383,0.145124716553288
"174",0.174450549450549,0.135989010989011,0.184065934065934,0.116758241758242,0.116758241758242,0.0879120879120879,0.184065934065934
"175",0.102040816326531,0.085234093637455,0.160864345738295,0.236494597839136,0.253301320528211,0.085234093637455,0.0768307322929172
"176",0.18694885361552,0.137566137566138,0.18694885361552,0.112874779541446,0.18694885361552,0.100529100529101,0.0881834215167549
"177",0.183397683397683,0.21042471042471,0.0617760617760618,0.176640926640927,0.203667953667954,0.0482625482625483,0.115830115830116
"178",0.11988011988012,0.147852147852148,0.168831168831169,0.147852147852148,0.105894105894106,0.0569430569430569,0.252747252747253
"179",0.111459968602826,0.100470957613815,0.122448979591837,0.298273155416013,0.111459968602826,0.0894819466248038,0.166405023547881
"180",0.238675958188153,0.141114982578397,0.135017421602787,0.104529616724739,0.183797909407665,0.110627177700348,0.0862369337979094
"181",0.0667447306791569,0.0995316159250585,0.0913348946135831,0.107728337236534,0.247072599531616,0.0585480093676815,0.32903981264637
"182",0.116300366300366,0.0842490842490842,0.347069597069597,0.135531135531136,0.0842490842490842,0.0970695970695971,0.135531135531136
"183",0.203933747412008,0.109730848861284,0.254658385093168,0.0952380952380952,0.13871635610766,0.0952380952380952,0.102484472049689
"184",0.16219119226638,0.0644468313641246,0.109559613319012,0.0945220193340494,0.15843179377014,0.15843179377014,0.252416756176155
"185",0.111607142857143,0.158482142857143,0.127232142857143,0.111607142857143,0.111607142857143,0.220982142857143,0.158482142857143
"186",0.0848656294200849,0.0650636492220651,0.317538896746818,0.0947666195190948,0.198727015558699,0.0601131541725601,0.178925035360679
"187",0.246031746031746,0.0904761904761905,0.157142857142857,0.201587301587302,0.101587301587302,0.0904761904761905,0.112698412698413
"188",0.156994047619048,0.136160714285714,0.177827380952381,0.188244047619048,0.0997023809523809,0.0632440476190476,0.177827380952381
"189",0.102365787079163,0.105550500454959,0.325295723384895,0.0737033666969973,0.178798908098271,0.0418562329390355,0.172429481346679
"190",0.121178432462479,0.101723179544191,0.269038354641467,0.105614230127849,0.206781545302946,0.047248471372985,0.148415786548082
"191",0.108843537414966,0.120748299319728,0.0850340136054422,0.0969387755102041,0.108843537414966,0.32312925170068,0.156462585034014
"192",0.129081632653061,0.114795918367347,0.221938775510204,0.114795918367347,0.139795918367347,0.0647959183673469,0.214795918367347
"193",0.123533471359558,0.0365769496204279,0.374741200828157,0.0728088336783989,0.0462387853692202,0.0583160800552105,0.287784679089027
"194",0.0915926179084074,0.115516062884484,0.28298017771702,0.168147641831852,0.0724538619275461,0.0580997949419002,0.21120984278879
"195",0.123552123552124,0.137065637065637,0.123552123552124,0.0965250965250965,0.177606177606178,0.191119691119691,0.150579150579151
"196",0.110138248847926,0.0778801843317972,0.261751152073733,0.168202764976959,0.0423963133640553,0.0617511520737327,0.277880184331797
"197",0.141736694677871,0.149579831932773,0.21624649859944,0.161344537815126,0.0868347338935574,0.0436974789915966,0.200560224089636
"198",0.0717460317460317,0.222857142857143,0.20952380952381,0.0717460317460317,0.138412698412698,0.0761904761904762,0.20952380952381
"199",0.139880952380952,0.153769841269841,0.216269841269841,0.132936507936508,0.10515873015873,0.16765873015873,0.0843253968253968
"200",0.151428571428571,0.101428571428571,0.151428571428571,0.191428571428571,0.111428571428571,0.171428571428571,0.121428571428571
"201",0.130541871921182,0.165024630541872,0.225369458128079,0.139162561576355,0.139162561576355,0.0960591133004926,0.104679802955665
"202",0.126785714285714,0.101785714285714,0.126785714285714,0.251785714285714,0.151785714285714,0.101785714285714,0.139285714285714
"203",0.187755102040816,0.116326530612245,0.159183673469388,0.216326530612245,0.116326530612245,0.102040816326531,0.102040816326531
"204",0.100952380952381,0.160952380952381,0.320952380952381,0.0809523809523809,0.120952380952381,0.127619047619048,0.0876190476190476
"205",0.0729013254786451,0.0883652430044183,0.0883652430044183,0.155375552282769,0.444035346097202,0.0471281296023564,0.103829160530191
"206",0.0850340136054422,0.0850340136054422,0.144557823129252,0.108843537414966,0.204081632653061,0.13265306122449,0.239795918367347
"207",0.20164046479836,0.120300751879699,0.168147641831852,0.125085440874915,0.134654818865345,0.0820232399179768,0.168147641831852
"208",0.148571428571429,0.108571428571429,0.121904761904762,0.268571428571429,0.108571428571429,0.108571428571429,0.135238095238095
"209",0.101587301587302,0.0904761904761905,0.112698412698413,0.368253968253968,0.146031746031746,0.101587301587302,0.0793650793650794
"210",0.0632111251580278,0.0986093552465234,0.0897597977243995,0.160556257901391,0.390644753476612,0.0897597977243995,0.107458912768647
"211",0.0902480752780154,0.0603079555175364,0.263900769888794,0.0932420872540633,0.332763045337896,0.0633019674935843,0.0962360992301112
"212",0.0505494505494506,0.0543956043956044,0.039010989010989,0.100549450549451,0.292857142857143,0.089010989010989,0.373626373626374
"213",0.0894819466248038,0.0894819466248038,0.133437990580848,0.144427001569859,0.298273155416013,0.111459968602826,0.133437990580848
"214",0.146031746031746,0.101587301587302,0.212698412698413,0.168253968253968,0.123809523809524,0.134920634920635,0.112698412698413
"215",0.130325814536341,0.0531328320802005,0.0601503759398496,0.207518796992481,0.379448621553885,0.0531328320802005,0.116290726817043
"216",0.11003861003861,0.11003861003861,0.123552123552124,0.123552123552124,0.312741312741313,0.0965250965250965,0.123552123552124
"217",0.125184094256259,0.114874815905744,0.114874815905744,0.125184094256259,0.321060382916053,0.125184094256259,0.0736377025036819
"218",0.0744047619047619,0.126488095238095,0.0848214285714286,0.0744047619047619,0.418154761904762,0.105654761904762,0.116071428571429
"219",0.108225108225108,0.123376623376623,0.138528138528139,0.108225108225108,0.108225108225108,0.305194805194805,0.108225108225108
"220",0.187651331719128,0.179176755447942,0.102905569007264,0.153753026634383,0.162227602905569,0.0944309927360775,0.119854721549637
"221",0.132505175983437,0.118012422360248,0.132505175983437,0.146997929606625,0.219461697722567,0.132505175983437,0.118012422360248
"222",0.108225108225108,0.138528138528139,0.108225108225108,0.123376623376623,0.153679653679654,0.25974025974026,0.108225108225108
"223",0.12111801242236,0.0993788819875776,0.0885093167701863,0.186335403726708,0.273291925465839,0.131987577639752,0.0993788819875776
"224",0.107563025210084,0.107563025210084,0.119327731092437,0.166386554621849,0.272268907563025,0.13109243697479,0.0957983193277311
"225",0.117096018735363,0.133489461358314,0.117096018735363,0.117096018735363,0.133489461358314,0.26463700234192,0.117096018735363
"226",0.123552123552124,0.123552123552124,0.123552123552124,0.0965250965250965,0.258687258687259,0.123552123552124,0.150579150579151
"227",0.10989010989011,0.125274725274725,0.10989010989011,0.10989010989011,0.10989010989011,0.279120879120879,0.156043956043956
"228",0.113378684807256,0.113378684807256,0.129251700680272,0.113378684807256,0.145124716553288,0.272108843537415,0.113378684807256
"229",0.121535181236674,0.136460554371002,0.106609808102345,0.136460554371002,0.136460554371002,0.240938166311301,0.121535181236674
"230",0.207792207792208,0.116883116883117,0.182337662337662,0.153246753246753,0.218701298701299,0.0405194805194805,0.0805194805194805
"231",0.113378684807256,0.113378684807256,0.113378684807256,0.113378684807256,0.145124716553288,0.272108843537415,0.129251700680272
"232",0.0952380952380952,0.108571428571429,0.108571428571429,0.108571428571429,0.135238095238095,0.308571428571429,0.135238095238095
"233",0.0736377025036819,0.0942562592047128,0.114874815905744,0.176730486008837,0.248895434462445,0.176730486008837,0.114874815905744
"234",0.108571428571429,0.148571428571429,0.0952380952380952,0.148571428571429,0.135238095238095,0.241904761904762,0.121904761904762
"235",0.113378684807256,0.113378684807256,0.113378684807256,0.129251700680272,0.145124716553288,0.272108843537415,0.113378684807256
"236",0.10351966873706,0.10351966873706,0.132505175983437,0.118012422360248,0.118012422360248,0.320910973084886,0.10351966873706
"237",0.10989010989011,0.10989010989011,0.10989010989011,0.125274725274725,0.10989010989011,0.325274725274725,0.10989010989011
"238",0.0932744231713304,0.23073146784487,0.158566519391262,0.0967108492881689,0.302896416298478,0.04860088365243,0.069219440353461
"239",0.111607142857143,0.111607142857143,0.127232142857143,0.111607142857143,0.142857142857143,0.283482142857143,0.111607142857143
"240",0.119747899159664,0.105042016806723,0.134453781512605,0.105042016806723,0.149159663865546,0.266806722689076,0.119747899159664
"241",0.133489461358314,0.117096018735363,0.117096018735363,0.117096018735363,0.133489461358314,0.26463700234192,0.117096018735363
"242",0.10351966873706,0.10351966873706,0.10351966873706,0.10351966873706,0.10351966873706,0.320910973084886,0.161490683229814
"243",0.123376623376623,0.108225108225108,0.123376623376623,0.108225108225108,0.138528138528139,0.274891774891775,0.123376623376623
"244",0.115207373271889,0.115207373271889,0.115207373271889,0.115207373271889,0.147465437788018,0.26036866359447,0.131336405529954
"245",0.123693379790941,0.0871080139372822,0.13588850174216,0.0871080139372822,0.160278745644599,0.294425087108014,0.111498257839721
"246",0.10989010989011,0.125274725274725,0.10989010989011,0.10989010989011,0.125274725274725,0.279120879120879,0.140659340659341
"247",0.113378684807256,0.113378684807256,0.113378684807256,0.113378684807256,0.145124716553288,0.287981859410431,0.113378684807256
"248",0.10351966873706,0.10351966873706,0.10351966873706,0.118012422360248,0.132505175983437,0.335403726708075,0.10351966873706
"249",0.110154905335628,0.0860585197934596,0.0981067125645439,0.146299483648881,0.290877796901893,0.158347676419966,0.110154905335628
"250",0.105751391465677,0.0927643784786642,0.0927643784786642,0.209647495361781,0.209647495361781,0.170686456400742,0.11873840445269
"251",0.106609808102345,0.121535181236674,0.106609808102345,0.106609808102345,0.136460554371002,0.285714285714286,0.136460554371002
"252",0.129251700680272,0.113378684807256,0.113378684807256,0.113378684807256,0.129251700680272,0.287981859410431,0.113378684807256
"253",0.106609808102345,0.121535181236674,0.106609808102345,0.121535181236674,0.136460554371002,0.285714285714286,0.121535181236674
"254",0.131336405529954,0.131336405529954,0.115207373271889,0.131336405529954,0.131336405529954,0.244239631336406,0.115207373271889
"255",0.152641878669276,0.125244618395303,0.13894324853229,0.111545988258317,0.111545988258317,0.262230919765166,0.0978473581213307
"256",0.113378684807256,0.113378684807256,0.113378684807256,0.113378684807256,0.145124716553288,0.272108843537415,0.129251700680272
"257",0.169405815423515,0.0897597977243995,0.125158027812895,0.213653603034134,0.222503160556258,0.116308470290771,0.0632111251580278
"258",0.127232142857143,0.127232142857143,0.127232142857143,0.111607142857143,0.127232142857143,0.267857142857143,0.111607142857143
"259",0.121904761904762,0.135238095238095,0.121904761904762,0.228571428571429,0.148571428571429,0.121904761904762,0.121904761904762
"260",0.125274725274725,0.125274725274725,0.10989010989011,0.10989010989011,0.156043956043956,0.263736263736264,0.10989010989011
"261",0.0952380952380952,0.0952380952380952,0.148571428571429,0.108571428571429,0.135238095238095,0.281904761904762,0.135238095238095
"262",0.0508735868448099,0.162384378211716,0.144398766700925,0.079650565262076,0.34224049331963,0.0616649537512847,0.158787255909558
"263",0.113378684807256,0.129251700680272,0.160997732426304,0.113378684807256,0.129251700680272,0.240362811791383,0.113378684807256
"264",0.147899159663866,0.153781512605042,0.177310924369748,0.189075630252101,0.0890756302521008,0.0773109243697479,0.165546218487395
"265",0.142857142857143,0.156941649899396,0.100603621730382,0.128772635814889,0.21327967806841,0.128772635814889,0.128772635814889
"266",0.141196013289037,0.106312292358804,0.0830564784053156,0.187707641196013,0.292358803986711,0.106312292358804,0.0830564784053156
"267",0.126785714285714,0.114285714285714,0.139285714285714,0.264285714285714,0.164285714285714,0.101785714285714,0.0892857142857143
"268",0.0871080139372822,0.123693379790941,0.13588850174216,0.14808362369338,0.282229965156794,0.111498257839721,0.111498257839721
"269",0.0690072639225182,0.102905569007264,0.11138014527845,0.280871670702179,0.25544794188862,0.0944309927360775,0.085956416464891
"270",0.130568356374808,0.141321044546851,0.119815668202765,0.130568356374808,0.259600614439324,0.130568356374808,0.0875576036866359
"271",0.16256157635468,0.0935960591133005,0.0935960591133005,0.12807881773399,0.323481116584565,0.0821018062397373,0.116584564860427
"272",0.0923520923520924,0.102453102453102,0.112554112554113,0.233766233766234,0.284271284271284,0.0822510822510822,0.0923520923520924
"273",0.116308470290771,0.0986093552465234,0.107458912768647,0.213653603034134,0.275600505689001,0.107458912768647,0.0809102402022756
"274",0.119047619047619,0.109243697478992,0.109243697478992,0.148459383753501,0.334733893557423,0.0896358543417367,0.0896358543417367
"275",0.113300492610837,0.0874384236453202,0.0874384236453202,0.0701970443349754,0.320197044334975,0.208128078817734,0.113300492610837
"276",0.0948660714285714,0.0948660714285714,0.0870535714285714,0.219866071428571,0.290178571428571,0.110491071428571,0.102678571428571
"277",0.121065375302663,0.154963680387409,0.154963680387409,0.121065375302663,0.121065375302663,0.205811138014528,0.121065375302663
"278",0.172473867595819,0.111498257839721,0.221254355400697,0.111498257839721,0.111498257839721,0.14808362369338,0.123693379790941
"279",0.175983436853002,0.146997929606625,0.204968944099379,0.132505175983437,0.118012422360248,0.118012422360248,0.10351966873706
"280",0.144427001569859,0.122448979591837,0.15541601255887,0.111459968602826,0.144427001569859,0.15541601255887,0.166405023547881
"281",0.11734693877551,0.0905612244897959,0.0816326530612245,0.153061224489796,0.286989795918367,0.0994897959183673,0.170918367346939
"282",0.223985890652557,0.149911816578483,0.18694885361552,0.100529100529101,0.100529100529101,0.112874779541446,0.125220458553792
"283",0.1996336996337,0.1996336996337,0.148351648351648,0.0842490842490842,0.0906593406593407,0.141941391941392,0.135531135531136
"284",0.121904761904762,0.108571428571429,0.108571428571429,0.201904761904762,0.215238095238095,0.121904761904762,0.121904761904762
"285",0.114285714285714,0.126785714285714,0.101785714285714,0.101785714285714,0.151785714285714,0.301785714285714,0.101785714285714
"286",0.149159663865546,0.105042016806723,0.105042016806723,0.119747899159664,0.134453781512605,0.281512605042017,0.105042016806723
"287",0.0978473581213307,0.111545988258317,0.0978473581213307,0.0978473581213307,0.166340508806262,0.317025440313112,0.111545988258317
"288",0.171428571428571,0.0914285714285714,0.0914285714285714,0.251428571428571,0.191428571428571,0.101428571428571,0.101428571428571
"289",0.102678571428571,0.212053571428571,0.188616071428571,0.157366071428571,0.0870535714285714,0.0948660714285714,0.157366071428571
"290",0.109395109395109,0.118404118404118,0.109395109395109,0.235521235521236,0.181467181467181,0.1003861003861,0.145431145431145
"291",0.139285714285714,0.114285714285714,0.151785714285714,0.151785714285714,0.126785714285714,0.126785714285714,0.189285714285714
"292",0.12406015037594,0.159147869674185,0.203007518796992,0.132832080200501,0.0714285714285714,0.115288220551378,0.194235588972431
"293",0.0935960591133005,0.116584564860427,0.0821018062397373,0.116584564860427,0.380952380952381,0.0935960591133005,0.116584564860427
"294",0.0768194070080862,0.105121293800539,0.0768194070080862,0.11455525606469,0.378706199460916,0.123989218328841,0.123989218328841
"295",0.117857142857143,0.0928571428571428,0.0678571428571429,0.0845238095238095,0.426190476190476,0.10952380952381,0.101190476190476
"296",0.122203098106713,0.146299483648881,0.0860585197934596,0.158347676419966,0.290877796901893,0.0860585197934596,0.110154905335628
"297",0.122203098106713,0.0981067125645439,0.0860585197934596,0.122203098106713,0.375215146299484,0.0860585197934596,0.110154905335628
"298",0.119235095613048,0.190101237345332,0.260967379077615,0.134983127109111,0.103487064116985,0.0877390326209224,0.103487064116985
"299",0.11455525606469,0.142857142857143,0.284366576819407,0.171159029649596,0.0956873315363881,0.0862533692722372,0.105121293800539
"300",0.138655462184874,0.158263305322129,0.275910364145658,0.0994397759103641,0.109243697478992,0.0994397759103641,0.119047619047619
"301",0.126907073509015,0.0832177531206657,0.306518723994452,0.146324549237171,0.0880721220527046,0.112343966712899,0.136615811373093
